kroA200 / 200 ciudades / 29368 ==> http://comopt.ifi.uni-heidelberg.de/software/TSPLIB95/STSP.html
kroA200
200
29368
1 14 454
2 19 674
3 22 987
4 22 1617
5 29 6
6 40 462
7 43 1957
8 53 857
9 86 1065
10 99 536
11 123 862
12 138 1610
13 161 906
14 178 24
15 185 1542
16 192 1004
17 198 1810
18 213 220
19 219 898
20 234 1118
21 241 341
22 242 584
23 252 1240
24 274 1420
25 298 1513
26 323 1714
27 327 265
28 376 825
29 378 1048
30 396 828
31 457 334
32 457 1607
33 463 1670
34 482 1337
35 554 1825
36 611 673
37 611 1384
38 693 1383
39 705 1812
40 721 186
41 737 1285
42 738 1325
43 742 1025
44 776 392
45 779 777
46 781 671
47 805 272
48 812 351
49 826 1226
50 834 629
51 839 620
52 868 731
53 872 1559
54 890 1846
55 901 1552
56 913 317
57 928 1700
58 929 1766
59 938 955
60 953 268
61 960 303
62 984 965
63 1000 457
64 1027 1041
65 1031 428
66 1058 372
67 1097 643
68 1115 1052
69 1178 100
70 1183 1391
71 1187 706
72 1234 1946
73 1247 1945
74 1251 1832
75 1256 61
76 1286 525
77 1307 964
78 1323 280
79 1327 1893
80 1357 1905
81 1362 1526
82 1380 939
83 1393 1368
84 1410 307
85 1424 1728
86 1429 134
87 1533 1780
88 1544 863
89 1621 1830
90 1625 1651
91 1660 1556
92 1724 1642
93 1774 107
94 1779 90
95 1787 1009
96 1795 962
97 1807 1711
98 1838 1732
99 1868 197
100 1917 687
101 2048 1628
102 2049 417
103 2082 1753
104 2097 981
105 2139 1806
106 2178 978
107 2178 1619
108 2221 291
109 2232 1374
110 2290 1810
111 2302 1127
112 2312 1949
113 2318 1925
114 2361 640
115 2365 1649
116 2421 1007
117 2433 1538
118 2469 1838
119 2482 1183
120 2499 658
121 2513 1572
122 2519 135
123 2542 236
124 2552 1909
125 2573 599
126 2573 1969
127 2574 946
128 2576 189
129 2576 1676
130 2586 1286
131 2588 302
132 2597 1830
133 2599 901
134 2628 1479
135 2636 727
136 2650 802
137 2678 1825
138 2687 1353
139 2716 1432
140 2721 1482
141 2728 1698
142 2773 1286
143 2781 478
144 2848 96
145 2863 558
146 2933 1459
147 2936 337
148 2945 1622
149 2961 1605
150 2990 214
151 2991 792
152 3022 474
153 3078 1541
154 3085 1528
155 3092 1668
156 3099 173
157 3113 885
158 3124 408
159 3174 1064
160 3213 1085
161 3249 378
162 3278 799
163 3297 491
164 3314 1881
165 3373 1646
166 3384 1498
167 3394 1028
168 3409 1917
169 3416 143
170 3447 1830
171 3479 821
172 3499 1885
173 3510 1671
174 3520 1079
175 3564 676
176 3586 1909
177 3635 1174
178 3640 43
179 3646 1018
180 3683 1533
181 3704 1082
182 3729 1188
183 3736 1542
184 3756 882
185 3806 746
186 3808 1375
187 3815 169
188 3822 899
189 3835 963
190 3853 1712
191 3854 923
192 3874 1318
193 3875 598
194 3888 666
195 3893 102
196 3911 1673
197 3913 192
198 3939 640
199 3950 1558
200 3955 1743